<?xml version="1.0" encoding="UTF-8" standalone="no"?>
<!DOCTYPE svg PUBLIC "-//W3C//DTD SVG 20010904//EN"
              "http://www.w3.org/TR/2001/REC-SVG-20010904/DTD/svg10.dtd">

<svg xmlns="http://www.w3.org/2000/svg"
     width="7.36667in" height="1.63333in"
     viewBox="0 0 663 147">
  <path id="Path"
        fill="none" stroke="black" stroke-width="1"
        d="M -0.70,15.75
           C 12.58,6.90 19.94,2.47 21.38,2.47
             21.38,2.47 131.53,2.47 131.53,2.47
             130.49,2.67 128.08,4.14 124.30,6.88
             120.52,9.61 117.92,11.46 116.48,12.44
             113.23,14.65 110.89,15.75 109.45,15.75
             109.45,15.75 69.42,15.75 69.42,15.75
             69.42,15.75 48.61,105.11 48.61,105.11
             46.60,113.12 43.64,119.79 39.73,125.12
             38.30,127.15 36.70,128.68 34.94,129.72
             34.94,129.72 67.17,129.72 67.17,129.72
             65.93,129.98 63.47,131.48 59.80,134.22
             56.12,136.95 53.56,138.77 52.12,139.67
             48.81,141.89 46.47,143.00 45.09,143.00
             45.09,143.00 11.02,143.00 11.02,143.00
             15.90,139.36 19.12,136.33 20.69,133.92
             23.09,130.02 24.95,125.26 26.25,119.66
             26.25,119.66 50.38,15.75 50.38,15.75
             50.38,15.75 -0.70,15.75 -0.70,15.75 Z
           M 134.80,144.95
           C 117.15,144.95 108.33,136.23 108.33,118.78
             108.33,106.87 111.84,95.18 118.88,83.72
             125.64,72.72 134.54,63.77 145.55,56.86
             156.87,49.70 168.52,46.12 180.50,46.12
             185.77,46.12 190.60,46.92 195.00,48.52
             199.39,50.11 202.66,51.23 204.81,51.89
             204.81,51.89 189.88,115.95 189.88,115.95
             189.16,119.34 188.80,121.88 188.80,123.56
             188.80,128.71 191.92,131.28 198.17,131.28
             200.19,131.28 202.14,131.09 204.03,130.69
             202.02,132.06 199.91,133.56 197.69,135.19
             195.48,136.81 193.20,138.31 190.86,139.67
             185.19,142.93 180.21,144.56 175.91,144.56
             171.22,144.56 168.26,143.39 167.03,141.05
             166.57,140.07 166.34,138.90 166.34,137.53
             166.34,135.39 166.73,132.91 167.52,130.11
             165.11,131.67 162.62,133.32 160.05,135.05
             157.47,136.77 154.82,138.38 152.08,139.88
             145.70,143.26 139.94,144.95 134.80,144.95 Z
           M 129.62,109.11
           C 129.62,124.21 137.30,131.77 152.67,131.77
             155.14,131.77 157.84,131.02 160.78,129.52
             165.99,126.79 168.91,124.22 169.56,121.81
             169.56,121.81 180.80,73.47 180.80,73.47
             178.97,68.59 176.43,64.98 173.17,62.67
             169.92,60.36 166.10,59.20 161.70,59.20
             157.30,59.20 153.68,60.04 150.81,61.70
             147.95,63.36 145.38,65.56 143.09,68.30
             140.82,71.03 138.84,74.14 137.14,77.62
             135.45,81.11 134.05,84.70 132.94,88.41
             130.73,95.84 129.62,102.73 129.62,109.11 Z
           M 257.62,144.86
           C 248.57,144.86 244.05,139.78 244.05,129.62
             244.05,126.62 244.50,123.14 245.42,119.17
             245.42,119.17 259.58,58.33 259.58,58.33
             259.58,58.33 246.78,58.33 246.78,58.33
             249.32,56.64 251.84,54.98 254.34,53.36
             256.85,51.73 259.38,50.06 261.92,48.38
             261.92,48.38 265.05,34.50 265.05,34.50
             269.08,32.03 272.04,30.13 273.92,28.80
             275.82,27.45 277.33,26.49 278.47,25.91
             279.61,25.32 280.77,24.74 281.94,24.16
             284.94,22.66 286.66,21.68 287.11,21.22
             287.11,21.22 281.64,45.05 281.64,45.05
             281.64,45.05 312.89,45.05 312.89,45.05
             311.79,45.25 309.18,46.84 305.08,49.83
             297.46,55.50 292.71,58.33 290.83,58.33
             290.83,58.33 278.52,58.33 278.52,58.33
             278.52,58.33 266.31,110.67 266.31,110.67
             265.47,114.71 265.05,118.43 265.05,121.81
             265.05,128.77 269.44,132.25 278.23,132.25
             281.10,132.25 283.75,131.73 286.19,130.69
             288.62,129.65 290.30,128.93 291.22,128.55
             284.97,136.04 276.86,141.05 266.91,143.59
             263.71,144.44 260.61,144.86 257.62,144.86 Z
           M 400.58,58.23
           C 400.58,71.90 381.99,88.02 344.81,106.58
             345.47,122.98 354.03,131.19 370.50,131.19
             377.99,131.19 385.74,129.11 393.75,124.94
             384.50,133.79 372.91,139.78 358.98,142.91
             354.62,143.88 350.37,144.38 346.23,144.38
             342.10,144.38 338.55,143.64 335.58,142.17
             332.62,140.70 330.20,138.73 328.31,136.27
             324.73,131.45 322.94,125.73 322.94,119.12
             322.94,112.51 323.93,106.52 325.92,101.16
             327.91,95.78 330.58,90.53 333.92,85.39
             337.27,80.25 341.16,75.36 345.59,70.73
             350.02,66.11 354.74,62.07 359.77,58.62
             370.63,51.07 380.69,47.30 389.94,47.30
             393.26,47.30 395.86,48.32 397.75,50.38
             399.63,52.43 400.58,55.05 400.58,58.23 Z
           M 376.17,77.81
           C 377.73,75.24 378.52,72.90 378.52,70.78
             378.52,68.67 377.68,66.51 376.02,64.30
             374.36,62.08 372.03,60.97 369.03,60.97
             366.04,60.97 363.49,61.70 361.38,63.17
             359.26,64.63 357.35,66.53 355.66,68.88
             353.97,71.22 352.47,73.88 351.17,76.84
             349.87,79.80 348.76,82.78 347.84,85.77
             346.22,91.57 345.24,96.95 344.92,101.89
             351.30,100.20 358.55,95.64 366.69,88.22
             371.45,83.86 374.61,80.39 376.17,77.81 Z
           M 463.69,47.39
           C 469.28,47.39 472.08,49.96 472.08,55.11
             472.08,56.67 471.75,58.82 471.11,61.55
             473.19,60.18 475.57,58.61 478.23,56.81
             480.90,55.02 483.63,53.31 486.44,51.69
             493.27,47.78 498.80,45.83 503.05,45.83
             505.58,45.83 508.05,46.55 510.47,47.98
             515.16,50.71 518.10,52.08 519.30,52.08
             520.50,52.08 521.61,51.93 522.62,51.64
             523.63,51.35 524.66,51.01 525.70,50.61
             527.65,49.83 529.47,48.98 531.17,48.08
             524.59,55.76 516.71,61.06 507.53,64.00
             504.47,64.97 501.83,65.45 499.61,65.45
             497.40,65.45 495.63,65.13 494.30,64.48
             492.96,63.83 491.61,63.11 490.25,62.33
             486.60,60.25 483.82,59.20 481.89,59.20
             479.97,59.20 478.39,59.70 477.16,60.67
             475.93,61.65 474.77,62.94 473.69,64.53
             472.61,66.12 471.64,67.89 470.77,69.81
             469.89,71.73 469.12,73.66 468.47,75.61
             467.04,79.59 466.10,82.71 465.64,84.98
             465.64,84.98 456.95,122.39 456.95,122.39
             456.62,123.57 456.45,124.68 456.45,125.72
             456.45,129.75 458.27,131.77 461.92,131.77
             463.36,131.77 464.89,131.45 466.52,130.80
             464.43,132.29 462.54,133.87 460.84,135.53
             459.16,137.19 457.40,138.70 455.58,140.06
             451.41,143.32 446.88,144.95 442.00,144.95
             439.99,144.95 438.23,144.35 436.73,143.14
             435.23,141.95 434.48,140.73 434.48,139.48
             434.48,138.05 434.55,137.01 434.69,136.36
             434.69,136.36 447.77,80.11 447.77,80.11
             448.22,78.15 448.74,76.17 449.33,74.16
             449.91,72.14 450.20,70.09 450.20,68.00
             450.20,63.25 447.11,60.88 440.94,60.88
             438.13,60.88 435.23,61.40 432.23,62.44
             434.32,61.72 436.99,60.16 440.25,57.75
             446.30,53.12 450.44,50.45 452.66,49.73
             457.01,48.17 460.69,47.39 463.69,47.39 Z
           M 550.03,119.08
           C 548.08,120.83 547.11,122.54 547.11,124.20
             547.11,125.86 547.95,127.20 549.64,128.20
             551.34,129.21 553.32,129.98 555.59,130.50
             559.57,131.41 563.66,131.86 567.86,131.86
             572.05,131.86 575.29,130.62 577.56,128.16
             579.84,125.68 580.98,122.55 580.98,118.78
             580.98,115.00 580.02,112.09 578.11,110.05
             576.19,108.00 573.78,106.27 570.88,104.88
             567.98,103.47 564.84,102.21 561.45,101.11
             558.07,100.00 554.91,98.76 551.98,97.39
             545.27,94.20 541.92,90.04 541.92,84.89
             541.92,79.36 545.57,73.37 552.86,66.92
             559.18,61.33 566.96,56.48 576.20,52.38
             585.19,48.34 592.35,46.31 597.69,46.31
             602.44,46.31 605.88,46.82 608.03,47.83
             610.19,48.84 611.27,49.77 611.27,50.61
             611.27,52.37 609.21,54.26 605.11,56.28
             597.36,60.19 591.21,63.84 586.66,67.22
             588.34,66.18 589.19,65.12 589.19,64.05
             589.19,62.98 588.62,62.18 587.48,61.66
             586.35,61.14 585.03,60.71 583.53,60.38
             581.05,59.93 578.51,59.70 575.91,59.70
             567.77,59.70 563.70,63.61 563.70,71.42
             563.70,77.02 567.87,81.21 576.20,84.02
             578.55,84.86 580.94,85.67 583.38,86.45
             585.82,87.23 588.23,88.09 590.61,89.00
             592.98,89.91 595.08,90.98 596.91,92.22
             601.01,95.09 603.06,98.65 603.06,102.92
             603.06,107.18 602.05,111.09 600.03,114.64
             598.01,118.18 595.34,121.50 592.02,124.59
             588.70,127.69 584.91,130.51 580.64,133.05
             576.38,135.58 572.04,137.76 567.61,139.58
             558.37,143.42 550.36,145.34 543.59,145.34
             536.88,145.34 531.55,143.97 527.58,141.23
             526.08,140.20 525.33,138.95 525.33,137.48
             525.33,136.02 525.81,134.68 526.78,133.48
             527.76,132.28 529.00,131.14 530.50,130.06
             532.00,128.99 533.69,127.96 535.58,126.98
             537.46,126.01 539.32,125.06 541.14,124.16
             546.09,121.68 549.05,119.98 550.03,119.08 Z
           M 660.33,132.64
           C 660.33,132.64 638.27,145.94 638.27,145.94
             638.27,145.94 631.81,129.62 631.81,129.62
             631.81,129.62 653.89,116.34 653.89,116.34
             653.89,116.34 660.33,132.64 660.33,132.64 Z" />
</svg>
